196
249
150
171
120
125
17
3
10
115
59
11
53
186
108
117
182
85
72
87
122
73
206
139
187
239
211
118
91
44
58
204
243
175
181
9
6
70
194
155
8
184
55
77
167
15
36
202
99
177
46
149
205
158
116
25
84
255
65
82
56
183
179
180
176
38
88
190
212
209
153
51
203
1
80
219
45
104
123
5
29
114
129
50
86
142
130
234
200
224
172
42
106
159
19
49
7
147
156
185
222
134
248
101
39
169
164
215
154
41
220
146
151
152
18
110
31
66
81
124
137
131
95
68
24
78
112
168
228
109
235
198
216
160
64
75
35
188
12
136
43
245
143
241
40
23
145
94
210
105
197
0
193
229
252
26
254
221
218
231
127
237
246
2
133
207
121
148
201
174
52
191
163
54
103
22
47
227
57
251
230
93
113
13
135
4
34
247
71
83
226
79
236
140
240
63
189
30
214
165
33
162
76
238
61
119
199
107
111
233
102
92
170
126
157
217
48
90
100
20
96
250
67
141
244
14
225
144
69
208
98
138
28
178
132
74
62
166
16
97
173
242
27
223
32
161
128
192
21
195
60
37
213
232
253
89